./01-cnet/
202409271655
14
202409271655
59
1
279
1
515
1
1187
1
1199
1
1220
1
1224
1
1226
1
1379
1
1380
1
1383
1
1384
1
1385
1
1390
1
1439
1
1489
1
1491
1
1492
1
1499
1
1508
1
1614
1
1615
1
1616
1
1617
1
1630
1
1632
1
1775
1
1874
1
1875
1
1923
1
1947
1
1949
1
1952
1
1984
1
1988
1
1993
1
2013
1
2187
1
2213
1
2328
1
2329
1
2344
1
2347
1
2349
1
2354
1
2360
1
2374
1
2375
1
2588
1
2694
1
2695
1
2696
1
2699
1
2709
1
2713
1
2715
1
2716
1
2724
1
2734
1
2735
1
2847
1
2944
1
2948
1
2948
2
2955
1
3078
1
3080
1
3125
1
3127
1
3131
1
3134
1
3135
1
3137
1
3208
1
3293
1
3297
1
3375
1
3549
1
3551
1
3558
1
3560
1
3566
1
3570
1
3717
1
3719
1
3720
1
3800
1
3801
1
3804
1
3819
1
3825
1
3876
1
3952
1
3956
1
3961
1
3963
1
3974
1
3984
1
4028
1
4098
1
4102
1
4107
1
4163
1
4166
1
4167
1
4242
1
4244
1
4312
1
4314
1
4326
1

ignore
59
1
279
1
515
1
1199
1
1220
1
1224
1
1226
1
1379
1
1380
1
1383
1
1385
1
1390
1
1439
1
1489
1
1491
1
1492
1
1499
1
1508
1
1550
1
1614
1
1615
1
1616
1
1617
1
1630
1
1632
1
1775
1
1874
1
1875
1
1921
1
1923
1
1947
1
1949
1
1952
1
1984
1
1988
1
1993
1
2013
1
2187
1
2213
1
2328
1
2329
1
2344
1
2347
1
2349
1
2354
1
2354
2
2360
1
2588
1
2694
1
2695
1
2696
1
2699
1
2709
1
2713
1
2715
1
2715
2
2716
1
2724
1
2727
1
2734
1
2735
1
2847
1
2944
1
2948
1
2955
1
3078
1
3080
1
3125
1
3127
1
3131
1
3134
1
3135
1
3137
1
3201
1
3208
1
3293
1
3297
1
3375
1
3549
1
3551
1
3558
1
3560
1
3566
1
3570
1
3717
1
3719
1
3800
1
3801
1
3804
1
3819
1
3823
1
3825
1
3876
1
3952
1
3956
1
3961
1
3963
1
3974
1
3984
1
4028
1
4098
1
4107
1
4108
1
4163
1
4166
1
4167
1
4242
1
4244
1
4312
1
4314
1
4326
1
59
1
279
1
1187
1
1199
1
1220
1
1224
1
1226
1
1379
1
1380
1
1383
1
1384
1
1385
1
1390
1
1439
1
1489
1
1491
1
1492
1
1499
1
1508
1
1614
1
1615
1
1616
1
1617
1
1630
1
1632
1
1775
1
1874
1
1875
1
1921
1
1923
1
1947
1
1949
1
1984
1
1988
1
1993
1
2013
1
2187
1
2193
1
2213
1
2329
1
2344
1
2347
1
2349
1
2354
1
2360
1
2374
1
2375
1
2694
1
2695
1
2699
1
2709
1
2713
1
2715
1
2716
1
2724
1
2734
1
2735
1
2847
1
2944
1
2948
1
2955
1
3078
1
3080
1
3125
1
3127
1
3131
1
3134
1
3135
1
3137
1
3208
1
3293
1
3297
1
3375
1
3549
1
3551
1
3558
1
3560
1
3566
1
3570
1
3717
1
3719
1
3720
1
3800
1
3801
1
3804
1
3819
1
3825
1
3876
1
3952
1
3956
1
3961
1
3963
1
3974
1
3984
1
4028
1
4098
1
4107
1
4108
1
4163
1
4166
1
4167
1
4242
1
4244
1
4312
1
4314
1
4326
1
59
1
279
1
515
1
1187
1
1196
1
1199
1
1220
1
1224
1
1226
1
1379
1
1380
1
1383
1
1385
1
1390
1
1439
1
1489
1
1491
1
1492
1
1499
1
1508
1
1550
1
1614
1
1615
1
1616
1
1617
1
1630
1
1632
1
1775
1
1874
1
1875
1
1921
1
1923
1
1947
1
1949
1
1952
1
1984
1
2013
1
2187
1
2193
1
2328
1
2329
1
2344
1
2347
1
2349
1
2354
1
2360
1
2374
1
